max_gsl_length_m=1608092.4200896982
max_isl_length_m=5016591.2330984278
